1 1660.06 1063.13
2 1659.05 994.83
3 1658.18 926.24
4 1657.05 858.23
5 1655.94 789.79
6 1654.81 721.70
7 1653.90 653.91
8 1612.30 1061.00
9 1611.30 991.81
10 1610.34 923.32
11 1609.65 854.92
12 1608.96 786.16
13 1607.59 717.56
14 1606.85 649.73
15 1564.33 1058.56
16 1563.71 989.18
17 1563.26 920.22
18 1562.27 851.09
19 1561.58 782.20
20 1560.91 713.65
21 1559.85 644.92
22 1516.67 1055.99
23 1516.30 986.53
24 1515.77 917.06
25 1515.23 848.04
26 1514.45 778.59
27 1513.71 709.42
28 1512.90 640.83
29 1468.73 1053.74
30 1468.55 983.72
31 1467.84 913.87
32 1467.26 844.54
33 1466.58 774.66
34 1465.95 705.62
35 1465.00 636.48
36 1420.71 1051.14
37 1420.46 980.84
38 1419.98 910.76
39 1419.38 841.01
40 1418.67 770.95
41 1418.16 701.27
42 1417.75 632.09
43 1372.19 1048.68
44 1372.17 977.99
45 1371.84 907.61
46 1371.35 837.61
47 1370.86 767.02
48 1370.65 697.06
49 1370.04 627.10
50 1323.73 1045.99
51 1323.69 975.15
52 1323.44 904.21
53 1323.26 833.95
54 1322.94 763.34
55 1322.65 692.63
56 1322.07 622.81
57 1274.94 1043.46
58 1275.10 972.21
59 1275.06 901.09
60 1275.00 830.42
61 1274.73 759.45
62 1274.66 688.73
63 1274.68 618.08
64 1226.15 1040.94
65 1226.21 969.26
66 1226.46 897.79
67 1226.94 826.73
68 1226.84 755.36
69 1226.76 684.15
70 1226.52 613.56
